100
1670
10673
16808
27545
28636
30106
35002
53145
60904
75630
91746
97158
108931
118025
125486
129561
130338
186358
194299
211273
220095
236580
237710
243043
246883
260299
280279
282328
308229
319452
339426
351817
354439
357945
374934
378841
379150
389815
406753
408014
425229
438166
446502
454667
475250
484493
493100
509531
511968
515669
522504
531730
540978
542613
544304
546518
554537
558822
564441
570934
571491
580980
613513
616709
623866
640195
650074
702197
723811
724116
727723
728550
731567
739064
777924
782189
788125
795336
797802
799506
806854
807827
807988
810405
817710
819337
821124
833170
847409
850879
877634
894092
899098
901394
921154
929268
934196
936717
938982
943659
