256
126
0
3
5
5
5
7
8
9
11
11
12
13
14
15
16
16
16
18
18
19
19
19
19
20
20
21
21
23
23
24
24
25
26
26
28
31
31
31
31
32
32
32
32
32
32
33
35
36
36
36
37
37
37
37
37
37
37
37
37
37
37
38
38
39
39
40
40
40
41
42
44
45
47
48
50
50
50
50
50
50
50
50
50
50
50
50
50
50
50
51
51
51
51
51
53
53
53
54
54
54
54
54
54
54
54
55
55
55
56
56
57
57
58
58
59
59
60
60
61
61
62
62
62
64
64
65
65
65
66
67
68
69
70
70
70
70
70
70
71
71
71
71
71
71
71
74
74
76
76
77
77
77
78
78
79
79
79
79
79
79
79
79
82
82
83
84
84
85
85
85
85
85
85
85
85
85
85
85
86
86
86
86
87
88
88
88
88
88
88
89
90
90
91
91
92
93
93
95
96
97
97
97
100
101
101
102
102
102
102
103
103
103
103
104
105
106
106
106
107
107
107
107
107
108
109
109
109
109
109
110
111
111
111
111
113
114
114
114
116
116
117
117
117
119
119
119
120
121
121
122
123
124
125
126
126
126
126
1
251
252
0
182
7
213
34
11
4
34
237
127
6
201
217
93
161
201
117
196
146
245
161
191
249
144
204
5
7
161
137
88
96
124
222
233
164
193
197
71
181
128
148
246
67
73
242
71
122
44
16
189
45
194
129
177
228
234
119
22
115
73
250
45
10
69
107
131
130
38
33
212
248
26
166
69
196
229
16
28
34
214
60
146
109
68
1
202
93
30
62
104
24
151
64
239
12
18
237
188
33
223
144
4
163
13
46
208
111
153
49
242
113
9
201
198
72
233
26
70
144
31
122
0
0
-1
