1024
514
0
2
5
6
7
8
9
11
14
14
14
14
14
14
14
14
15
15
15
15
16
16
16
18
20
20
20
21
21
21
21
22
23
24
24
24
26
27
28
28
30
30
30
30
30
30
30
33
34
34
34
34
35
36
37
38
38
38
38
39
39
39
40
40
41
45
45
45
45
45
47
47
47
47
48
48
48
48
48
48
48
48
48
49
51
51
51
52
52
52
52
52
52
53
53
54
54
54
54
55
56
56
56
57
57
57
57
57
58
59
60
62
62
62
62
62
62
62
62
63
63
63
63
63
63
63
63
64
64
65
66
66
67
67
67
68
69
70
71
71
71
71
71
71
72
73
74
75
76
76
76
76
77
77
77
77
77
78
78
79
79
79
79
80
80
80
80
81
81
81
81
81
82
82
82
82
82
82
82
82
82
84
84
84
84
85
85
85
85
86
87
89
90
90
91
91
92
93
93
93
93
93
93
93
93
94
94
94
94
94
95
95
96
98
98
98
99
100
100
101
101
102
102
103
103
103
103
103
103
103
106
106
107
108
108
108
108
110
110
110
111
112
112
112
113
114
114
114
115
115
115
115
115
115
116
117
117
117
117
117
117
117
117
117
117
117
118
118
119
119
120
121
121
123
123
123
123
123
124
124
124
124
125
125
126
126
126
127
127
129
129
130
130
131
131
131
131
131
131
131
131
131
132
132
134
135
135
137
137
137
139
140
140
140
141
141
141
141
141
141
142
142
142
142
143
144
146
147
147
147
147
147
147
147
148
148
149
150
150
152
154
154
154
155
155
156
158
158
158
158
160
162
162
162
163
163
165
166
166
167
168
168
168
169
170
170
170
170
172
172
174
174
174
177
177
177
177
177
178
178
178
178
178
178
179
179
180
183
183
185
186
188
189
189
190
190
190
192
192
193
194
194
196
196
196
197
197
197
199
199
199
199
200
200
200
200
202
204
204
205
205
206
207
207
208
209
209
209
209
209
209
209
209
211
212
212
213
213
213
213
214
217
219
220
220
220
220
220
220
220
220
220
221
222
222
222
224
225
225
225
226
226
228
229
230
230
232
232
236
236
236
237
237
238
238
239
239
239
239
240
242
244
244
244
245
245
245
246
246
246
246
246
246
246
246
246
246
246
247
247
247
247
247
247
248
249
249
249
249
249
249
250
251
252
252
252
252
252
253
253
255
255
255
255
255
255
256
256
256
256
256
256
256
256
256
257
259
260
260
260
261
262
262
263
264
264
265
266
266
268
268
268
269
269
270
271
271
271
272
272
273
275
276
276
276
276
276
276
276
277
278
279
279
280
281
283
283
283
283
283
284
285
285
285
286
286
286
287
287
287
288
288
288
288
288
288
289
289
289
290
290
291
293
294
294
295
295
295
296
297
297
297
299
299
301
301
303
303
304
304
304
304
304
304
305
306
306
307
307
307
308
309
310
310
311
312
312
312
312
312
312
312
312
313
313
313
316
318
318
319
319
319
320
320
320
320
320
321
321
321
321
321
321
322
323
323
323
323
323
323
323
324
324
324
325
325
325
325
326
326
326
326
326
326
328
329
329
330
331
331
331
331
332
332
332
332
334
337
338
339
339
341
342
344
344
345
345
346
347
348
348
348
348
350
351
353
353
353
353
353
354
356
357
357
359
360
360
361
361
361
363
364
364
364
364
365
366
366
366
367
368
369
370
371
373
374
375
375
375
375
376
377
379
379
380
380
380
381
381
382
382
382
383
383
383
385
385
385
385
385
386
386
387
387
389
389
390
391
394
397
397
398
399
401
401
402
402
402
402
405
405
405
406
408
408
408
409
411
411
411
411
411
411
412
413
414
414
415
415
415
416
417
417
417
417
418
418
418
418
418
418
418
418
418
418
418
419
419
419
419
419
419
419
419
421
421
421
421
424
425
425
425
425
425
425
426
426
427
427
427
427
427
427
427
428
428
429
429
430
431
431
431
431
431
431
432
433
433
433
434
434
435
435
435
435
436
436
436
436
437
438
438
438
438
438
438
440
440
440
440
440
440
440
440
441
441
442
443
443
445
446
447
448
448
448
448
448
448
448
448
448
448
448
448
449
449
450
453
453
453
454
455
460
460
460
460
463
463
463
464
465
465
465
465
466
467
469
470
471
472
472
473
474
474
475
475
475
476
476
476
476
476
476
476
477
479
481
481
482
483
484
485
486
486
487
488
489
489
491
491
492
492
493
494
494
495
497
497
497
498
498
498
498
498
498
498
498
499
499
501
501
501
502
502
502
502
502
504
504
504
504
504
504
504
504
504
504
505
505
505
507
508
508
508
508
509
510
510
511
512
512
513
513
514
514
1
1017
0
272
769
579
974
23
916
407
778
243
525
925
386
286
64
355
4
604
978
151
310
188
441
607
788
554
46
967
39
236
288
721
788
724
548
756
971
915
184
22
472
697
707
362
608
350
695
254
277
782
363
670
180
333
336
925
929
696
519
782
825
629
920
796
806
764
753
868
569
204
356
190
634
738
30
461
467
240
478
955
98
720
63
32
191
145
900
189
435
1015
986
143
390
367
479
623
740
764
698
809
573
338
613
673
921
535
46
663
959
162
7
335
683
265
83
253
934
574
870
1
377
83
706
893
19
46
700
885
720
631
416
470
461
778
837
586
1014
31
925
355
645
988
611
750
388
99
244
102
229
960
792
1006
741
399
696
1009
369
844
73
539
991
22
319
144
723
388
69
92
211
1018
349
440
583
613
712
272
954
743
15
465
916
326
359
955
209
465
810
553
455
879
656
344
407
777
456
6
401
988
771
858
303
969
662
975
837
996
708
780
1010
568
193
646
369
560
630
35
975
795
833
729
396
773
404
645
156
304
730
846
386
390
158
645
901
996
303
64
617
166
212
885
646
895
602
940
916
611
691
624
714
943
935
110
853
7
683
232
967
777
350
921
714
601
615
600
53
936
773
393
37
778
677
440
598
595
433
137
684
791
222
269
928
2
742
372
309
857
561
560
546
543
953
483
23
35
69
325
503
229
372
545
963
474
212
510
686
126
440
301
957
146
804
323
459
467
439
480
796
700
398
418
236
94
229
559
247
534
570
626
776
504
82
803
109
345
758
64
218
288
651
855
919
961
965
281
64
424
372
729
838
511
542
814
180
292
47
358
802
52
743
452
712
462
941
833
147
898
215
342
580
385
726
1020
937
935
325
899
1009
135
54
696
878
134
216
1
415
455
551
896
687
401
536
921
6
306
557
432
788
86
110
1022
36
51
781
572
339
913
442
129
648
723
695
642
131
220
391
719
118
451
735
306
421
938
713
349
463
519
701
589
415
921
933
136
270
964
761
396
290
479
283
480
775
739
954
751
190
467
792
61
5
386
497
702
128
231
540
777
864
972
7
107
313
574
108
865
267
517
749
548
745
837
486
734
512
958
601
383
898
171
389
633
946
239
338
702
615
874
704
39
535
416
58
921
3
420
441
26
196
324
411
353
423
467
339
345
751
432
309
195
0
367
744
784
-1
