1024
1032
0
4
7
8
9
10
11
14
18
18
18
20
20
20
21
23
28
28
28
28
29
29
30
32
34
34
34
38
38
38
38
41
42
43
45
45
48
49
50
50
52
53
54
55
55
57
57
61
62
62
62
63
64
66
67
68
69
69
69
71
72
72
75
75
77
81
81
82
82
82
85
85
85
85
87
87
88
89
89
90
90
90
90
91
95
97
97
99
100
100
100
100
100
101
101
102
104
105
107
108
110
111
111
112
113
114
114
115
119
121
122
125
125
125
126
126
126
126
126
127
127
127
128
128
129
129
129
131
132
134
135
135
136
136
136
137
139
141
143
143
144
144
145
145
148
150
151
152
153
153
155
156
157
157
158
159
159
160
160
162
162
163
163
164
166
167
167
168
168
168
169
170
171
171
171
171
171
171
171
171
171
173
173
173
173
177
177
177
178
180
181
184
185
186
190
191
192
193
193
194
194
194
195
197
197
198
198
198
198
199
200
202
204
206
207
207
208
209
211
212
213
216
216
218
218
220
221
221
221
221
226
227
229
230
230
231
231
234
234
235
236
237
237
237
238
239
240
240
241
241
241
241
242
244
246
247
247
247
247
248
248
249
249
250
250
250
251
251
253
253
255
258
259
262
263
265
265
268
270
270
271
272
274
274
275
275
275
276
277
280
280
281
282
283
285
285
287
288
288
288
288
288
289
289
291
292
292
294
295
296
298
299
300
301
302
302
302
303
303
303
304
304
304
304
305
306
310
313
314
314
314
314
314
314
315
315
316
317
319
321
323
323
323
325
325
326
329
330
331
331
333
335
335
336
339
339
342
343
344
346
349
349
350
351
352
352
353
353
355
356
359
359
360
364
366
366
366
367
368
369
370
370
370
370
371
372
373
377
377
379
380
382
383
383
384
384
384
387
391
394
396
396
398
399
400
401
402
402
405
405
405
408
409
409
409
410
413
415
418
421
421
422
423
423
424
427
427
427
429
429
429
429
430
432
433
433
435
436
437
437
438
441
443
444
444
445
445
445
445
446
446
446
448
449
449
450
452
454
456
456
457
457
460
462
463
464
466
466
470
470
470
472
472
474
475
476
477
477
477
478
480
483
484
484
485
485
487
489
489
490
491
491
491
491
491
492
492
492
495
495
495
495
496
497
500
502
504
504
504
504
505
506
507
508
508
510
511
511
512
512
514
516
517
518
518
518
519
519
520
521
521
523
523
523
524
525
529
530
530
530
531
533
534
536
537
537
538
539
539
541
542
542
543
543
544
547
548
548
549
549
553
555
556
558
558
559
560
561
561
562
563
565
565
567
568
571
571
573
573
574
575
576
577
578
579
581
584
586
586
586
587
587
587
587
588
590
591
591
591
592
592
593
595
596
596
597
598
600
601
602
603
603
606
606
608
608
610
612
614
615
616
618
619
619
621
622
622
623
623
624
626
627
629
629
630
631
632
632
632
632
632
632
632
634
634
634
637
640
640
641
645
645
648
649
649
649
649
651
652
652
652
654
654
655
659
659
661
661
661
662
663
664
664
665
666
666
669
669
670
672
672
672
672
673
676
678
678
681
682
682
684
685
687
687
688
691
693
698
700
703
704
706
708
710
711
712
713
715
716
717
717
718
720
722
723
725
726
726
726
726
728
731
732
733
736
737
738
739
739
739
742
743
743
743
745
747
748
748
749
750
752
753
754
756
758
760
761
761
763
763
765
767
769
770
772
772
772
775
776
779
780
780
781
781
781
783
783
783
783
783
784
785
788
789
791
793
794
795
798
801
801
804
807
809
810
811
811
813
814
817
817
817
818
821
821
821
823
825
826
826
826
826
826
827
830
831
831
832
832
832
834
835
837
837
837
838
838
838
838
839
839
839
839
839
839
840
842
843
844
844
844
844
844
846
849
850
851
851
854
855
856
856
856
859
860
862
862
863
865
865
865
865
865
865
868
870
872
873
874
876
877
877
877
877
877
878
880
880
880
882
884
885
886
886
886
888
888
889
890
892
893
893
893
893
894
895
897
897
898
898
898
898
898
898
900
900
902
903
903
905
907
909
910
911
911
911
912
912
913
914
914
914
914
914
915
915
917
922
922
922
926
927
932
932
932
932
935
935
936
938
940
941
941
943
944
945
948
949
951
953
953
954
956
957
958
959
959
961
962
962
963
963
963
965
967
969
971
972
973
976
978
979
980
980
981
982
984
985
988
989
990
990
991
993
993
994
996
997
998
1000
1000
1001
1001
1001
1001
1001
1002
1003
1005
1008
1008
1008
1010
1010
1010
1012
1012
1014
1014
1015
1015
1015
1015
1015
1015
1016
1016
1017
1017
1018
1020
1022
1022
1023
1023
1024
1025
1026
1027
1028
1028
1029
1029
1030
1032
1
251
252
1017
0
272
769
579
974
23
916
308
407
778
243
525
865
925
361
696
842
220
958
83
386
397
749
811
286
725
64
355
4
604
245
281
418
978
151
803
966
310
188
137
535
441
607
774
788
554
46
967
657
44
617
41
494
39
236
288
646
721
715
788
464
724
548
756
578
628
971
826
675
803
915
184
843
22
472
697
707
353
362
608
825
350
660
771
619
697
695
15
254
277
958
620
895
770
782
376
363
670
787
795
276
559
675
180
333
1023
976
336
686
307
893
219
405
660
925
868
929
696
519
665
782
758
825
262
184
629
719
952
427
920
796
806
764
720
753
342
868
33
569
883
359
204
502
541
356
606
190
634
738
188
733
818
30
694
169
461
467
711
312
240
669
869
528
478
154
489
955
98
720
63
123
287
919
472
32
149
191
145
497
900
189
611
270
435
678
752
407
1015
986
555
576
859
902
143
562
390
229
586
367
470
479
623
696
740
764
345
1012
698
107
14
572
809
573
900
454
729
744
210
338
613
673
991
462
473
921
535
293
46
663
947
384
959
162
7
335
26
683
0
0
353
265
854
83
397
635
121
253
396
934
535
574
193
856
870
967
1
377
781
378
503
618
96
905
977
83
325
706
1008
26
706
893
19
184
46
311
700
885
623
720
234
481
631
642
522
631
416
470
461
778
837
104
6
586
1014
31
288
160
925
780
355
645
988
277
611
694
750
388
562
932
682
99
244
102
581
959
229
960
792
1006
136
741
399
217
696
1009
672
771
369
844
73
539
365
66
252
991
22
319
758
144
542
609
723
141
388
668
10
69
92
352
211
1018
424
349
440
908
842
583
613
684
712
435
956
87
272
273
747
954
238
743
15
465
869
916
326
359
955
209
465
810
553
267
455
879
15
258
402
594
656
663
698
344
584
407
777
397
941
456
107
6
194
401
503
540
616
988
424
675
771
858
303
969
737
827
987
26
662
994
975
837
996
368
414
708
128
949
701
780
1010
568
193
373
605
683
646
369
560
630
35
975
795
593
651
833
853
729
224
396
773
404
585
753
915
645
156
304
514
230
730
846
52
386
390
158
645
901
996
211
303
64
187
231
617
855
166
212
885
646
809
895
293
602
584
842
621
940
533
170
44
190
554
916
698
143
274
410
611
565
691
530
832
750
624
714
943
461
734
530
935
110
853
629
797
965
296
7
833
164
505
515
488
683
33
232
269
967
777
350
410
921
143
357
714
601
615
600
53
936
665
773
393
37
497
690
198
778
97
677
834
930
440
598
595
208
326
710
504
835
433
137
684
783
220
791
222
269
780
928
201
1004
55
2
742
337
927
372
399
485
456
620
742
210
309
857
444
397
756
561
560
546
543
953
483
23
436
144
694
35
69
358
192
325
503
229
372
545
963
410
691
42
474
274
76
84
585
486
212
291
510
686
58
126
520
440
295
301
957
146
260
295
804
323
459
467
46
439
480
796
678
876
932
935
448
700
723
656
398
652
40
73
107
418
236
398
689
937
110
549
359
163
94
346
229
61
97
415
559
193
649
327
247
437
534
372
570
103
626
711
776
663
878
554
504
616
871
153
325
606
82
803
10
109
213
345
758
64
78
218
398
501
759
288
651
431
855
919
961
884
965
824
279
281
64
424
564
158
686
372
729
838
511
542
50
126
814
135
180
292
47
1023
358
651
802
52
21
743
224
452
712
462
149
853
514
941
833
417
147
898
988
215
342
580
585
385
726
225
1020
937
379
757
15
935
325
509
899
1009
193
135
457
54
594
953
747
113
355
696
699
878
134
216
1
86
75
347
415
854
455
551
35
928
896
687
401
536
921
6
306
557
316
432
574
272
788
944
86
110
570
1022
839
938
95
36
51
781
572
339
832
913
95
442
129
648
520
723
30
61
695
642
131
220
480
391
15
946
719
150
705
69
118
59
417
505
792
451
527
735
559
566
306
421
938
713
786
13
371
485
63
349
985
463
919
1010
451
519
733
253
772
475
701
270
589
415
916
202
921
7
933
108
136
163
386
270
693
964
998
649
952
689
761
396
139
703
290
479
916
106
283
84
480
775
739
954
751
987
190
222
467
202
276
980
369
792
61
457
5
386
497
858
887
184
702
847
968
128
231
540
777
864
972
7
107
313
582
574
774
108
972
559
326
649
865
267
517
649
749
548
663
745
786
837
486
403
734
994
512
781
811
958
236
427
127
877
601
756
383
898
171
389
373
633
14
83
946
239
337
338
702
615
874
521
704
30
39
271
535
919
416
58
921
929
3
420
441
100
276
26
1016
907
844
196
417
899
324
411
739
229
353
418
942
423
467
874
576
339
280
345
751
432
847
217
309
195
978
0
367
744
784
99
722
-1
