128
156
0
3
6
6
10
11
11
12
13
15
16
18
20
22
22
23
25
25
26
29
31
31
34
36
36
38
40
42
43
45
46
48
49
50
51
52
53
53
57
57
59
60
61
64
67
68
68
68
68
70
71
74
75
75
75
76
76
76
79
81
81
81
82
83
83
83
83
83
83
84
85
86
86
88
88
90
91
92
95
96
98
99
101
104
105
105
105
107
107
109
110
113
114
115
115
116
118
120
120
121
122
122
124
124
124
125
129
130
131
131
133
133
134
134
134
135
137
138
141
142
144
145
145
149
151
151
154
156
156
1
18
123
0
125
126
11
19
61
98
82
10
50
37
75
125
6
79
3
89
21
74
118
17
105
15
0
30
92
3
34
12
51
117
77
81
50
125
31
42
109
115
90
33
72
43
18
96
25
122
28
19
39
8
41
82
109
35
40
39
37
25
86
104
29
58
105
57
57
95
68
7
24
91
21
101
44
48
82
43
106
3
95
49
77
119
28
74
12
72
8
105
22
69
119
114
10
90
99
22
107
4
37
57
86
42
83
90
116
11
27
79
88
50
18
122
48
62
30
122
3
80
54
120
42
15
43
76
126
58
81
26
37
117
78
26
123
88
21
111
122
14
70
77
101
32
94
96
117
0
115
1
9
24
1
105
-1
