128
314
0
4
7
9
14
16
16
17
21
23
26
28
31
33
35
36
38
40
43
47
49
50
54
56
58
61
63
66
69
74
76
79
81
83
85
86
89
92
97
98
101
103
104
107
112
113
114
114
115
119
123
130
133
133
134
136
138
140
145
147
149
151
152
155
156
158
158
159
159
160
163
164
164
167
167
169
174
177
180
181
183
185
189
192
194
195
195
197
200
202
205
209
211
212
214
215
217
220
221
223
224
225
231
235
237
238
245
248
251
256
263
264
267
267
268
270
274
276
281
283
286
289
291
297
301
303
307
313
314
1
18
83
123
0
125
126
31
111
11
19
36
61
98
18
82
10
32
50
66
107
37
75
40
49
125
6
79
3
89
109
21
74
87
102
118
17
105
33
126
15
121
124
0
4
30
92
3
34
118
12
51
75
117
77
81
38
49
50
108
125
31
42
51
109
115
39
90
93
33
47
69
72
75
43
57
18
50
96
2
25
7
122
16
28
19
39
50
51
3
81
101
8
41
55
82
109
23
27
35
40
9
39
37
25
86
104
29
58
105
119
123
57
56
28
57
63
95
111
9
23
55
68
7
24
30
35
91
103
110
21
26
35
122
101
108
37
49
45
76
29
44
48
82
126
43
106
81
89
98
117
3
95
107
108
48
117
127
7
49
28
77
120
119
28
74
91
12
72
8
21
28
87
102
56
105
121
22
69
119
114
10
90
93
99
22
36
59
107
4
37
57
0
86
123
42
83
13
75
122
90
116
11
59
97
27
79
88
109
50
72
18
27
80
122
48
62
30
109
122
89
3
60
80
125
36
54
106
109
120
126
13
75
105
126
50
106
42
15
43
76
102
113
116
126
58
101
103
7
62
81
24
54
62
114
124
11
26
37
90
96
101
115
50
2
48
117
105
78
108
26
109
120
123
88
105
21
60
64
111
122
14
20
43
70
77
69
101
115
17
76
32
53
87
94
96
117
0
43
84
115
17
108
1
9
24
100
1
16
57
101
102
105
64
-1