# This file contains a brief summary of the land-surface average results 
# produced by the Berkeley Averaging method.  Temperatures are in 
# Celsius and reported as anomalies relative to the Jan 1951-Dec 1980
# average. Uncertainties represent the 95# confidence interval for 
# statistical and spatial undersampling effects.
# 
# The current dataset presented here is described as: 
# 
#   Estimated Global Land-Surface TAVG based on the Complete Berkeley Dataset
# 
# 
# This analysis was run on 08-Jan-2016 09:26:34
# 
# Results are based on 42035 time series 
#   with 16252216 data points
# 
# Estimated Jan 1951-Dec 1980 absolute temperature (C): 8.66 +/- 0.08
# 
# 
# 
# Year, Annual Anomaly, Annual Unc., Five-year Anomaly, Five-year Unc.
  1753      -0.270        1.700              0.00             0.00
  1754      -0.188        1.982              0.00             0.00
  1755      -0.302        2.207           -0.041           1.789
  1756       0.192        2.027           -0.370           1.776
  1757       0.364        2.157           -0.467           1.906
  1758      -1.914        2.312           -0.701           1.943
  1759      -0.673        2.451           -0.716           1.922
  1760      -1.473        2.106           -0.799           1.858
  1761       0.115        1.783           -0.649           1.749
  1762      -0.051        1.921           -0.566           1.503
  1763      -1.161        1.793           -0.352           1.325
  1764      -0.258        1.440           -0.426           1.291
  1765      -0.406        1.117           -0.503           1.068
  1766      -0.252        1.658           -0.646           0.915
  1767      -0.436        0.945           -0.787           0.805
  1768      -1.876        1.384           -0.899           0.769
  1769      -0.963        1.036           -1.009           0.705
  1770      -0.966        0.954           -1.015           0.799
  1771      -0.805        1.327           -0.727           0.758
  1772      -0.465        1.088           -0.511           0.672
  1773      -0.436        1.019           -0.213           0.744
  1774       0.114        1.235           -0.123           0.632
  1775       0.525        1.533           -0.111           0.639
  1776      -0.354        0.872           -0.046           0.612
  1777      -0.402        1.168           -0.004           0.551
  1778      -0.116        1.505            0.046           0.610
  1779       0.325        1.194            0.006           0.673
  1780       0.775        2.457           -0.065           0.433
  1781      -0.555        0.864           -0.238           0.634
  1782      -0.757        2.130           -0.462           0.881
  1783      -0.977        1.046           -0.876           0.881
  1784      -0.796        1.324           -0.845           1.297
  1785      -1.295        1.132           -0.819           1.000
  1786      -0.400        1.844           -0.665           0.985
  1787      -0.626        0.755           -0.571           0.896
  1788      -0.211        1.018           -0.447           0.841
  1789      -0.324        0.942           -0.452           0.547
  1790      -0.676        0.983           -0.441           0.520
  1791      -0.424        0.781           -0.484           0.469
  1792      -0.569        0.666           -0.446           0.474
  1793      -0.429        0.965           -0.372           0.507
  1794      -0.132        1.123           -0.365           0.524
  1795      -0.308        0.795           -0.281           0.538
  1796      -0.387        0.705           -0.192           0.398
  1797      -0.147        0.766           -0.196           0.377
  1798       0.012        0.558           -0.170           0.430
  1799      -0.152        0.932           -0.106           0.521
  1800      -0.174        0.702           -0.092           0.538
  1801      -0.068        0.779           -0.126           0.598
  1802      -0.080        0.835           -0.058           0.516
  1803      -0.155        0.694           -0.042           0.517
  1804       0.187        0.656           -0.073           0.442
  1805      -0.095        0.609           -0.133           0.433
  1806      -0.224        0.613           -0.308           0.551
  1807      -0.376        0.679           -0.662           0.659
  1808      -1.031        1.142           -0.990           0.809
  1809      -1.582        1.215           -1.305           0.869
  1810      -1.735        1.203           -1.552           0.872
  1811      -1.798        0.937           -1.529           0.762
  1812      -1.612        1.043           -1.426           0.716
  1813      -0.918        0.667           -1.363           0.581
  1814      -1.066        1.111           -1.347           0.439
  1815      -1.419        0.759           -1.361           0.428
  1816      -1.721        0.670           -1.343           0.454
  1817      -1.682        0.780           -1.388           0.445
  1818      -0.829        0.788           -1.312           0.420
  1819      -1.289        0.469           -1.082           0.426
  1820      -1.042        0.758           -0.839           0.371
  1821      -0.568        0.588           -0.861           0.285
  1822      -0.469        0.617           -0.626           0.358
  1823      -0.939        0.495           -0.471           0.441
  1824      -0.111        0.700           -0.418           0.437
  1825      -0.269        0.798           -0.294           0.468
  1826      -0.302        0.703           -0.205           0.573
  1827       0.151        0.648           -0.326           0.563
  1828      -0.493        0.743           -0.300           0.535
  1829      -0.716        0.741           -0.444           0.505
  1830      -0.141        0.859           -0.715           0.526
  1831      -1.019        0.663           -0.746           0.489
  1832      -1.208        0.785           -0.705           0.420
  1833      -0.645        0.572           -0.930           0.417
  1834      -0.511        0.462           -0.918           0.419
  1835      -1.265        0.611           -0.933           0.377
  1836      -0.962        0.489           -1.033           0.369
  1837      -1.282        0.600           -1.136           0.389
  1838      -1.143        0.547           -1.055           0.350
  1839      -1.026        0.683           -1.057           0.343
  1840      -0.862        0.402           -0.927           0.313
  1841      -0.970        0.472           -0.795           0.292
  1842      -0.635        0.370           -0.793           0.265
  1843      -0.484        0.354           -0.782           0.267
  1844      -1.012        0.428           -0.609           0.280
  1845      -0.807        0.432           -0.596           0.301
  1846      -0.105        0.528           -0.635           0.332
  1847      -0.572        0.487           -0.567           0.343
  1848      -0.678        0.452           -0.557           0.363
  1849      -0.674        0.412           -0.632           0.378
  1850      -0.757        0.472           -0.629           0.401
  1851      -0.479        0.577           -0.617           0.392
  1852      -0.558        0.514           -0.572           0.376
  1853      -0.616        0.407           -0.530           0.312
  1854      -0.447        0.329           -0.566           0.274
  1855      -0.547        0.338           -0.635           0.264
  1856      -0.662        0.354           -0.623           0.271
  1857      -0.900        0.427           -0.614           0.277
  1858      -0.558        0.387           -0.644           0.272
  1859      -0.406        0.358           -0.674           0.269
  1860      -0.697        0.299           -0.714           0.259
  1861      -0.811        0.362           -0.712           0.258
  1862      -1.099        0.382           -0.766           0.243
  1863      -0.546        0.386           -0.722           0.238
  1864      -0.674        0.263           -0.633           0.208
  1865      -0.480        0.284           -0.458           0.182
  1866      -0.366        0.248           -0.430           0.150
  1867      -0.222        0.290           -0.341           0.146
  1868      -0.410        0.211           -0.336           0.131
  1869      -0.226        0.232           -0.371           0.151
  1870      -0.457        0.259           -0.420           0.161
  1871      -0.543        0.305           -0.399           0.176
  1872      -0.464        0.257           -0.399           0.194
  1873      -0.307        0.253           -0.467           0.197
  1874      -0.224        0.271           -0.474           0.188
  1875      -0.798        0.232           -0.405           0.197
  1876      -0.578        0.250           -0.309           0.186
  1877      -0.118        0.232           -0.363           0.178
  1878       0.172        0.209           -0.311           0.157
  1879      -0.492        0.208           -0.273           0.141
  1880      -0.539        0.183           -0.355           0.131
  1881      -0.387        0.192           -0.526           0.128
  1882      -0.529        0.172           -0.604           0.129
  1883      -0.681        0.166           -0.644           0.145
  1884      -0.884        0.193           -0.707           0.154
  1885      -0.738        0.238           -0.750           0.165
  1886      -0.703        0.210           -0.727           0.175
  1887      -0.743        0.197           -0.618           0.176
  1888      -0.567        0.212           -0.608           0.169
  1889      -0.339        0.207           -0.595           0.158
  1890      -0.686        0.185           -0.565           0.155
  1891      -0.639        0.160           -0.571           0.150
  1892      -0.592        0.177           -0.603           0.139
  1893      -0.601        0.195           -0.568           0.122
  1894      -0.497        0.131           -0.529           0.113
  1895      -0.511        0.124           -0.483           0.103
  1896      -0.443        0.138           -0.459           0.100
  1897      -0.365        0.146           -0.412           0.113
  1898      -0.480        0.186           -0.341           0.122
  1899      -0.262        0.168           -0.276           0.134
  1900      -0.156        0.166           -0.274           0.135
  1901      -0.116        0.171           -0.265           0.135
  1902      -0.354        0.126           -0.326           0.129
  1903      -0.438        0.162           -0.381           0.120
  1904      -0.567        0.142           -0.414           0.107
  1905      -0.433        0.131           -0.485           0.104
  1906      -0.279        0.114           -0.492           0.094
  1907      -0.711        0.107           -0.475           0.089
  1908      -0.472        0.121           -0.475           0.082
  1909      -0.480        0.115           -0.516           0.081
  1910      -0.435        0.098           -0.472           0.077
  1911      -0.481        0.099           -0.450           0.074
  1912      -0.492        0.097           -0.367           0.071
  1913      -0.360        0.117           -0.293           0.069
  1914      -0.067        0.104           -0.283           0.070
  1915      -0.065        0.096           -0.312           0.072
  1916      -0.433        0.102           -0.345           0.073
  1917      -0.634        0.103           -0.387           0.075
  1918      -0.527        0.124           -0.434           0.083
  1919      -0.276        0.114           -0.365           0.083
  1920      -0.299        0.116           -0.288           0.087
  1921      -0.087        0.102           -0.229           0.082
  1922      -0.250        0.112           -0.205           0.080
  1923      -0.236        0.110           -0.169           0.076
  1924      -0.151        0.104           -0.138           0.077
  1925      -0.124        0.097           -0.115           0.072
  1926       0.071        0.097           -0.073           0.071
  1927      -0.136        0.090           -0.126           0.069
  1928      -0.026        0.107           -0.106           0.070
  1929      -0.415        0.099           -0.108           0.068
  1930      -0.024        0.097           -0.071           0.075
  1931       0.061        0.093           -0.130           0.076
  1932       0.047        0.118           -0.053           0.077
  1933      -0.320        0.113           -0.077           0.077
  1934      -0.030        0.098           -0.110           0.082
  1935      -0.142        0.100           -0.111           0.079
  1936      -0.104        0.110           -0.006           0.075
  1937       0.040        0.105            0.021           0.075
  1938       0.206        0.094            0.070           0.075
  1939       0.102        0.099            0.113           0.069
  1940       0.107        0.094            0.119           0.065
  1941       0.111        0.089            0.098           0.063
  1942       0.070        0.089            0.114           0.061
  1943       0.097        0.086            0.078           0.058
  1944       0.187        0.093            0.060           0.058
  1945      -0.073        0.084            0.074           0.058
  1946       0.019        0.088            0.072           0.059
  1947       0.139        0.085            0.021           0.056
  1948       0.089        0.085           -0.023           0.054
  1949      -0.071        0.081           -0.034           0.051
  1950      -0.293        0.071           -0.065           0.049
  1951      -0.032        0.068           -0.040           0.047
  1952      -0.020        0.078           -0.045           0.045
  1953       0.216        0.080            0.007           0.046
  1954      -0.097        0.068           -0.062           0.046
  1955      -0.032        0.069           -0.044           0.051
  1956      -0.378        0.069           -0.064           0.050
  1957       0.074        0.107           -0.029           0.047
  1958       0.116        0.046           -0.038           0.044
  1959       0.075        0.029            0.066           0.036
  1960      -0.074        0.051            0.069           0.044
  1961       0.140        0.032            0.085           0.040
  1962       0.088        0.092            0.021           0.046
  1963       0.198        0.029            0.009           0.043
  1964      -0.248        0.051           -0.030           0.040
  1965      -0.130        0.046           -0.039           0.028
  1966      -0.058        0.021           -0.107           0.029
  1967       0.042        0.024           -0.070           0.026
  1968      -0.142        0.051           -0.036           0.018
  1969      -0.063        0.023           -0.036           0.020
  1970       0.043        0.015           -0.076           0.024
  1971      -0.059        0.037            0.011           0.020
  1972      -0.158        0.037           -0.015           0.028
  1973       0.290        0.032           -0.006           0.035
  1974      -0.191        0.056           -0.056           0.028
  1975       0.087        0.041            0.014           0.029
  1976      -0.311        0.023           -0.037           0.029
  1977       0.192        0.039            0.016           0.026
  1978       0.035        0.034            0.063           0.025
  1979       0.075        0.035            0.227           0.029
  1980       0.322        0.047            0.184           0.028
  1981       0.508        0.040            0.251           0.025
  1982      -0.019        0.032            0.243           0.020
  1983       0.370        0.045            0.179           0.018
  1984       0.034        0.016            0.112           0.018
  1985       0.000        0.029            0.183           0.014
  1986       0.176        0.037            0.218           0.012
  1987       0.337        0.027            0.264           0.017
  1988       0.543        0.031            0.379           0.022
  1989       0.264        0.047            0.448           0.025
  1990       0.576        0.029            0.417           0.025
  1991       0.522        0.020            0.350           0.024
  1992       0.179        0.027            0.373           0.020
  1993       0.209        0.033            0.396           0.024
  1994       0.381        0.029            0.368           0.029
  1995       0.689        0.036            0.441           0.033
  1996       0.381        0.045            0.572           0.033
  1997       0.545        0.042            0.621           0.036
  1998       0.865        0.032            0.592           0.037
  1999       0.627        0.044            0.667           0.040
  2000       0.543        0.047            0.741           0.038
  2001       0.757        0.051            0.741           0.043
  2002       0.912        0.036            0.749           0.044
  2003       0.868        0.052            0.849           0.042
  2004       0.667        0.049            0.873           0.035
  2005       1.043        0.039            0.905           0.035
  2006       0.875        0.024            0.886           0.031
  2007       1.074        0.035            0.923           0.031
  2008       0.774        0.037            0.923           0.033
  2009       0.847        0.042            0.920           0.037
  2010       1.045        0.046            0.875           0.036
  2011       0.858        0.042            0.910           0.039
  2012       0.849        0.030            0.923           0.037
  2013       0.949        0.051            0.948           0.036
  2014       0.913        0.040              0.00             0.00
  2015       1.173        0.036              0.00             0.00
